function Params = GetLTEParameters()


%------------------------------
%channel coding related
Params.null_bit = uint8(3); 
Params.balanced_rate_matching = true; % Default option
Params.sub_block_interleaver_permutation_pattern = [0,16,8,24,4,20,12,28,2,18,10,26,6,22,14,30,1,17,9,25,5,21,13,29,3,19,11,27,7,23,15,31];
Params.sub_block_interleaver_permutation_pattern_plus_one = Params.sub_block_interleaver_permutation_pattern+1;
% Turbo encoder/decoder interleaving table
Params.turbo_interleaver_table = [40,3,10;48,7,12;56,19,42;64,7,16;72,7,18;80,11,20;88,5,22;96,11,24;104,7,26;112,41,84;120,103,90;128,15,32;136,9,34;144,17,108;152,9,38;160,21,120;168,101,84;176,21,44;184,57,46;192,23,48;200,13,50;208,27,52;216,11,36;224,27,56;232,85,58;240,29,60;248,33,62;256,15,32;264,17,198;272,33,68;280,103,210;288,19,36;296,19,74;304,37,76;312,19,78;320,21,120;328,21,82;336,115,84;344,193,86;352,21,44;360,133,90;368,81,46;376,45,94;384,23,48;392,243,98;400,151,40;408,155,102;416,25,52;424,51,106;432,47,72;440,91,110;448,29,168;456,29,114;464,247,58;472,29,118;480,89,180;488,91,122;496,157,62;504,55,84;512,31,64;528,17,66;544,35,68;560,227,420;576,65,96;592,19,74;608,37,76;624,41,234;640,39,80;656,185,82;672,43,252;688,21,86;704,155,44;720,79,120;736,139,92;752,23,94;768,217,48;784,25,98;800,17,80;816,127,102;832,25,52;848,239,106;864,17,48;880,137,110;896,215,112;912,29,114;928,15,58;944,147,118;960,29,60;976,59,122;992,65,124;1008,55,84;1024,31,64;1056,17,66;1088,171,204;1120,67,140;1152,35,72;1184,19,74;1216,39,76;1248,19,78;1280,199,240;1312,21,82;1344,211,252;1376,21,86;1408,43,88;1440,149,60;1472,45,92;1504,49,846;1536,71,48;1568,13,28;1600,17,80;1632,25,102;1664,183,104;1696,55,954;1728,127,96;1760,27,110;1792,29,112;1824,29,114;1856,57,116;1888,45,354;1920,31,120;1952,59,610;1984,185,124;2016,113,420;2048,31,64;2112,17,66;2176,171,136;2240,209,420;2304,253,216;2368,367,444;2432,265,456;2496,181,468;2560,39,80;2624,27,164;2688,127,504;2752,143,172;2816,43,88;2880,29,300;2944,45,92;3008,157,188;3072,47,96;3136,13,28;3200,111,240;3264,443,204;3328,51,104;3392,51,212;3456,451,192;3520,257,220;3584,57,336;3648,313,228;3712,271,232;3776,179,236;3840,331,120;3904,363,244;3968,375,248;4032,127,168;4096,31,64;4160,33,130;4224,43,264;4288,33,134;4352,477,408;4416,35,138;4480,233,280;4544,357,142;4608,337,480;4672,37,146;4736,71,444;4800,71,120;4864,37,152;4928,39,462;4992,127,234;5056,39,158;5120,39,80;5184,31,96;5248,113,902;5312,41,166;5376,251,336;5440,43,170;5504,21,86;5568,43,174;5632,45,176;5696,45,178;5760,161,120;5824,89,182;5888,323,184;5952,47,186;6016,23,94;6080,47,190;6144,263,480];
Params.HARQ_processes = 8;           % Number of HARQ processes
Params.UE_config.decoder_type_idx=0;
%---------------------------

%------------------------------------------------
%CQI
Params.CQI_params(1).CQI = 1;
Params.CQI_params(1).modulation = 'QPSK';
Params.CQI_params(1).modulation_order = 2;
Params.CQI_params(1).coding_rate_x_1024 = 78;
Params.CQI_params(1).efficiency = 0.1523;

Params.CQI_params(2).CQI = 2;
Params.CQI_params(2).modulation = 'QPSK';
Params.CQI_params(2).modulation_order = 2;
Params.CQI_params(2).coding_rate_x_1024 = 120;
Params.CQI_params(2).efficiency = 0.2344;

Params.CQI_params(3).CQI = 3;
Params.CQI_params(3).modulation = 'QPSK';
Params.CQI_params(3).modulation_order = 2;
Params.CQI_params(3).coding_rate_x_1024 = 193;
Params.CQI_params(3).efficiency = 0.3770;

Params.CQI_params(4).CQI = 4;
Params.CQI_params(4).modulation = 'QPSK';
Params.CQI_params(4).modulation_order = 2;
Params.CQI_params(4).coding_rate_x_1024 = 308;
Params.CQI_params(4).efficiency = 0.6016;

Params.CQI_params(5).CQI = 5;
Params.CQI_params(5).modulation = 'QPSK';
Params.CQI_params(5).modulation_order = 2;
Params.CQI_params(5).coding_rate_x_1024 = 449;
Params.CQI_params(5).efficiency = 0.8770;

Params.CQI_params(6).CQI = 6;
Params.CQI_params(6).modulation = 'QPSK';
Params.CQI_params(6).modulation_order = 2;
Params.CQI_params(6).coding_rate_x_1024 = 602;
Params.CQI_params(6).efficiency = 1.1758;

Params.CQI_params(7).CQI = 7;
Params.CQI_params(7).modulation = '16QAM';
Params.CQI_params(7).modulation_order = 4;
Params.CQI_params(7).coding_rate_x_1024 = 378;
Params.CQI_params(7).efficiency = 1.4766;

Params.CQI_params(8).CQI = 8;
Params.CQI_params(8).modulation = '16QAM';
Params.CQI_params(8).modulation_order = 4;
Params.CQI_params(8).coding_rate_x_1024 = 490;
Params.CQI_params(8).efficiency = 1.9141;

Params.CQI_params(9).CQI = 9;
Params.CQI_params(9).modulation = '16QAM';
Params.CQI_params(9).modulation_order = 4;
Params.CQI_params(9).coding_rate_x_1024 = 616;
Params.CQI_params(9).efficiency = 2.4063;

Params.CQI_params(10).CQI = 10;
Params.CQI_params(10).modulation = '64QAM';
Params.CQI_params(10).modulation_order = 6;
Params.CQI_params(10).coding_rate_x_1024 = 466;
Params.CQI_params(10).efficiency = 2.7305;

Params.CQI_params(11).CQI = 11;
Params.CQI_params(11).modulation = '64QAM';
Params.CQI_params(11).modulation_order = 6;
Params.CQI_params(11).coding_rate_x_1024 = 567;
Params.CQI_params(11).efficiency = 3.3223;

Params.CQI_params(12).CQI = 12;
Params.CQI_params(12).modulation = '64QAM';
Params.CQI_params(12).modulation_order = 6;
Params.CQI_params(12).coding_rate_x_1024 = 666;
Params.CQI_params(12).efficiency = 3.9023;

Params.CQI_params(13).CQI = 13;
Params.CQI_params(13).modulation = '64QAM';
Params.CQI_params(13).modulation_order = 6;
Params.CQI_params(13).coding_rate_x_1024 = 772;
Params.CQI_params(13).efficiency = 4.5234;

Params.CQI_params(14).CQI = 14;
Params.CQI_params(14).modulation = '64QAM';
Params.CQI_params(14).modulation_order = 6;
Params.CQI_params(14).coding_rate_x_1024 = 873;
Params.CQI_params(14).efficiency = 5.1152;

Params.CQI_params(15).CQI = 15;
Params.CQI_params(15).modulation = '64QAM';
Params.CQI_params(15).modulation_order = 6;
Params.CQI_params(15).coding_rate_x_1024 = 948;
Params.CQI_params(15).efficiency = 5.5547;
%-----------------------------------
%MCS
Params.MCS_params(1).MCS=0;
Params.MCS_params(1).modulation_order=2;
Params.MCS_params(1).modulation='QPSK';
Params.MCS_params(1).TBS=0;

Params.MCS_params(2).MCS=1;
Params.MCS_params(2).modulation_order=2;
Params.MCS_params(2).modulation='QPSK';
Params.MCS_params(2).TBS=1;

Params.MCS_params(3).MCS=2;
Params.MCS_params(3).modulation_order=2;
Params.MCS_params(3).modulation='QPSK';
Params.MCS_params(3).TBS=2;

Params.MCS_params(4).MCS=3;
Params.MCS_params(4).modulation_order=2;
Params.MCS_params(4).modulation='QPSK';
Params.MCS_params(4).TBS=3;

Params.MCS_params(5).MCS=4;
Params.MCS_params(5).modulation_order=2;
Params.MCS_params(5).modulation='QPSK';
Params.MCS_params(5).TBS=4;

Params.MCS_params(6).MCS=5;
Params.MCS_params(6).modulation_order=2;
Params.MCS_params(6).modulation='QPSK';
Params.MCS_params(6).TBS=5;

Params.MCS_params(7).MCS=6;
Params.MCS_params(7).modulation_order=2;
Params.MCS_params(7).modulation='QPSK';
Params.MCS_params(7).TBS=6;

Params.MCS_params(8).MCS=7;
Params.MCS_params(8).modulation_order=2;
Params.MCS_params(8).modulation='QPSK';
Params.MCS_params(8).TBS=7;

Params.MCS_params(9).MCS=8;
Params.MCS_params(9).modulation_order=2;
Params.MCS_params(9).modulation='QPSK';
Params.MCS_params(9).TBS=8;

Params.MCS_params(10).MCS=9;
Params.MCS_params(10).modulation_order=2;
Params.MCS_params(10).modulation='QPSK';
Params.MCS_params(10).TBS=9;

Params.MCS_params(11).MCS=10;
Params.MCS_params(11).modulation_order=4;
Params.MCS_params(11).modulation='16QAM';
Params.MCS_params(11).TBS=9;

Params.MCS_params(12).MCS=11;
Params.MCS_params(12).modulation_order=4;
Params.MCS_params(12).modulation='16QAM';
Params.MCS_params(12).TBS=10;

Params.MCS_params(13).MCS=12;
Params.MCS_params(13).modulation_order=4;
Params.MCS_params(13).modulation='16QAM';
Params.MCS_params(13).TBS=11;

Params.MCS_params(14).MCS=13;
